local player = game.Players.LocalPlayer
local character = player.Character
local humanoidRootPart = character.HumanoidRootPart

local positions = {
    CFrame.new(16.063921, 11.7131853, 65.5796127, 0.258669406, 3.15613526e-08, -0.965965927, -2.67896976e-08, 1, 2.54995296e-08, 0.965965927, 1.92819858e-08, 0.258669406),
    CFrame.new(68.0032578, 11.7029486, 21.9163895, -0.00169239321, 1.16469771e-07, -0.999998569, -1.7049306e-08, 1, 1.16498796e-07, 0.999998569, 1.72464425e-08, -0.00169239321),
    CFrame.new(90.6224213, 11.7234087, -28.7647038, 0.993394732, -2.51420715e-08, -0.114747085, 2.54481929e-08, 1, 1.20290355e-09, 0.114747085, -4.11506385e-09, 0.993394732),
    CFrame.new(111.735855, 11.7029514, -65.0067291, 0.749631941, -2.06984563e-08, -0.661854923, 1.91670591e-08, 1, -9.56435642e-09, 0.661854923, -5.51606494e-09, 0.749631941),
    CFrame.new(16.063921, 11.7131853, 65.5796127, 0.258669406, 3.15613526e-08, -0.965965927, -2.67896976e-08, 1, 2.54995296e-08, 0.965965927, 1.92819858e-08, 0.258669406),
    CFrame.new(67.4148026, 11.7029505, 23.7024689, -0.655839562, -8.50006465e-09, -0.754900277, -9.01480757e-09, 1, -3.42799811e-09, 0.754900277, 4.55706406e-09, -0.655839562),
    CFrame.new(16.063921, 11.7131853, 65.5796127, 0.258669406, 3.15613526e-08, -0.965965927, -2.67896976e-08, 1, 2.54995296e-08, 0.965965927, 1.92819858e-08, 0.258669406),
    CFrame.new(59.6404266, 11.7029524, 18.8172264, 0.914617181, 7.87095473e-08, -0.404320925, -7.40122132e-08, 1, 2.72474363e-08, 0.404320925, 5.003713e-09, 0.914617181),
    CFrame.new(88.9031372, 11.7029486, -14.6308603, 0.777357101, 5.92216987e-09, -0.629059553, 2.24137389e-10, 1, 9.69129932e-09, 0.629059553, -7.67459607e-09, 0.777357101),
    CFrame.new(105.108513, 11.7029486, -46.4408035, 0.076931864, -2.63438835e-08, -0.997036338, -4.45411494e-08, 1, -2.98590095e-08, 0.997036338, 4.67062549e-08, 0.076931864),
    CFrame.new(16.063921, 11.7131853, 65.5796127, 0.258669406, 3.15613526e-08, -0.965965927, -2.67896976e-08, 1, 2.54995296e-08, 0.965965927, 1.92819858e-08, 0.258669406),
    CFrame.new(67.4148026, 11.7029505, 23.7024689, -0.655839562, -8.50006465e-09, -0.754900277, -9.01480757e-09, 1, -3.42799811e-09, 0.754900277, 4.55706406e-09, -0.655839562),
    CFrame.new(89.327446, 11.7029505, -28.1516132, 0.1104756, -4.81432068e-08, -0.993878841, -9.24073618e-08, 1, -5.87113469e-08, 0.993878841, 9.83278952e-08, 0.1104756),
    CFrame.new(16.063921, 11.7131853, 65.5796127, 0.258669406, 3.15613526e-08, -0.965965927, -2.67896976e-08, 1, 2.54995296e-08, 0.965965927, 1.92819858e-08, 0.258669406),
    CFrame.new(67.4148026, 11.7029505, 23.7024689, -0.655839562, -8.50006465e-09, -0.754900277, -9.01480757e-09, 1, -3.42799811e-09, 0.754900277, 4.55706406e-09, -0.655839562),
    CFrame.new(16.063921, 11.7131853, 65.5796127, 0.258669406, 3.15613526e-08, -0.965965927, -2.67896976e-08, 1, 2.54995296e-08, 0.965965927, 1.92819858e-08, 0.258669406),
    CFrame.new(60.3003426, 11.7029505, 33.8452454, 0.400717616, -4.2467633e-08, -0.916201591, -2.5254149e-08, 1, -5.73972088e-08, 0.916201591, 4.61379663e-08, 0.400717616),
    CFrame.new(75.1006317, 11.7029486, -13.2330837, 0.0342536978, -4.89683627e-10, -0.999413192, 7.13005051e-08, 1, 1.95376892e-09, 0.999413192, -7.13255872e-08, 0.0342536978),
    CFrame.new(97.7853165, 11.7029467, -64.9048386, -0.99603802, -8.19099188e-09, 0.0889286846, -1.0125623e-08, 1, -2.13037339e-08, -0.0889286846, -2.21197869e-08, -0.99603802),
    CFrame.new(16.063921, 11.7131853, 65.5796127, 0.258669406, 3.15613526e-08, -0.965965927, -2.67896976e-08, 1, 2.54995296e-08, 0.965965927, 1.92819858e-08, 0.258669406),
    CFrame.new(67.4148026, 11.7029505, 23.7024689, -0.655839562, -8.50006465e-09, -0.754900277, -9.01480757e-09, 1, -3.42799811e-09, 0.754900277, 4.55706406e-09, -0.655839562),
    CFrame.new(16.063921, 11.7131853, 65.5796127, 0.258669406, 3.15613526e-08, -0.965965927, -2.67896976e-08, 1, 2.54995296e-08, 0.965965927, 1.92819858e-08, 0.258669406),
    CFrame.new(60.2387619, 11.7029467, 18.8613796, 0.973471045, -5.09115736e-08, -0.228810176, 3.44710678e-08, 1, -7.58488454e-08, 0.228810176, 6.59493224e-08, 0.973471045),
    CFrame.new(89.5672379, 11.7029514, -14.0154676, 0.872313559, -5.60302098e-08, -0.488946855, 3.88673982e-08, 1, -4.52516495e-08, 0.488946855, 2.04695372e-08, 0.872313559),
    CFrame.new(16.063921, 11.7131853, 65.5796127, 0.258669406, 3.15613526e-08, -0.965965927, -2.67896976e-08, 1, 2.54995296e-08, 0.965965927, 1.92819858e-08, 0.258669406),
    CFrame.new(67.4148026, 11.7029505, 23.7024689, -0.655839562, -8.50006465e-09, -0.754900277, -9.01480757e-09, 1, -3.42799811e-09, 0.754900277, 4.55706406e-09, -0.655839562),
    CFrame.new(16.063921, 11.7131853, 65.5796127, 0.258669406, 3.15613526e-08, -0.965965927, -2.67896976e-08, 1, 2.54995296e-08, 0.965965927, 1.92819858e-08, 0.258669406),
    CFrame.new(59.2653999, 11.7029505, 32.0489655, 0.187793329, 2.16016129e-08, -0.98220855, -6.6593091e-09, 1, 2.07196713e-08, 0.98220855, 2.64981415e-09, 0.187793329),
    CFrame.new(75.3012695, 11.7029467, -6.75824642, 0.964545667, 3.20621503e-08, -0.263915986, -2.28438175e-08, 1, 3.7997868e-08, 0.263915986, -3.06218304e-08, 0.964545667),
    CFrame.new(16.063921, 11.7131853, 65.5796127, 0.258669406, 3.15613526e-08, -0.965965927, -2.67896976e-08, 1, 2.54995296e-08, 0.965965927, 1.92819858e-08, 0.258669406),
    CFrame.new(67.4148026, 11.7029505, 23.7024689, -0.655839562, -8.50006465e-09, -0.754900277, -9.01480757e-09, 1, -3.42799811e-09, 0.754900277, 4.55706406e-09, -0.655839562),
    CFrame.new(16.063921, 11.7131853, 65.5796127, 0.258669406, 3.15613526e-08, -0.965965927, -2.67896976e-08, 1, 2.54995296e-08, 0.965965927, 1.92819858e-08, 0.258669406),
    CFrame.new(51.832325, 11.7029514, 29.4304142, 0.78697753, 2.99183611e-08, -0.616981685, 5.91961768e-09, 1, 5.60421327e-08, 0.616981685, -4.77561954e-08, 0.78697753),
    CFrame.new(66.6844559, 11.7029514, -17.5324879, 0.294363737, -6.74704239e-08, -0.955693483, -3.74141784e-08, 1, -8.21223622e-08, 0.955693483, 5.99303291e-08, 0.294363737),
    CFrame.new(90.4723969, 11.7131777, -68.6557465, 0.993123531, -7.10353802e-08, 0.117071025, 6.37071835e-08, 1, 6.63381172e-08, -0.117071025, -5.84236801e-08, 0.993123531),
    CFrame.new(118.566536, 11.7234964, -94.0194092, 0.0688586906, -1.70912209e-08, -0.997626424, -1.05290546e-07, 1, -2.43993039e-08, 0.997626424, 1.06720734e-07, 0.0688586906)
}

for _, position in ipairs(positions) do
    humanoidRootPart.CFrame = position
    wait(0.5) -- Wait for 0.5 seconds
end
